Actual_cnt,Predicted_cnt
985,-472.9219768160963
801,-429.8941807337768
1349,-432.4078565082307
1562,-484.91333091056526
1600,-295.4534110348593
1606,-301.39132553147704
1510,-398.87055896501977
959,-627.6620218390766
822,-684.0009279445671
1321,-534.2377615938977
1263,-602.9870357330624
1162,-734.1030325310018
1406,-595.1079545609867
1421,-450.5302047992776
1248,-318.7950262046478
1204,-344.27019104669967
1000,-519.4835078981448
683,-749.8400361857473
1650,-556.7115281050184
1927,-362.40937660437373
1543,-625.2661425000991
981,-537.1106360946719
986,-611.1260548173576
1416,-555.9251401110162
1985,-435.1377973620438
506,-958.7505837453128
431,-543.8608535056371
1167,-663.6375053463753
1098,-541.670023237112
1096,-494.5207826278473
1501,-573.2990809060783
1360,-633.4272065342286
1526,-725.6063350872524
1550,-486.25343749110255
1708,-416.2164795365268
1005,-814.242510558628
1623,-280.5697128723566
1712,-373.32335586670774
1530,-650.1967149313641
1605,-532.0844814683496
1538,-489.69427900676
1746,-338.51313557104777
1472,-446.2519801540526
1589,-254.17875480858217
1913,-187.37987076781707
1815,-219.8222159998323
2115,-198.51899821719402
2475,-50.14576770849338
2927,46.672628857310805
1635,-117.42360873253867
1812,-204.74499886715452
1107,-513.8918014448891
1450,-547.6928551790177
1917,-165.9839900988985
1807,-553.2247067153589
1461,-571.2765260513407
1969,-308.4607114828817
2402,-282.3356809059586
1446,-608.5262281196085
1851,-370.0555033796811
2134,-268.57974631152456
1685,-257.69067430937037
1944,-449.8991194822073
2077,-496.9976165566229
605,-814.8522421782441
1872,-562.2739789949363
2133,-67.02130677690755
1891,-599.8299931107499
623,385.79972001269914
1977,-434.25670666310316
2132,-330.69119635405355
2417,-221.26538064838294
2046,-117.0941577865375
2056,-376.5862371242159
2192,-453.1598596322833
2744,-170.01782136332878
3239,117.54270868955732
3117,-17.925595939962292
2471,-171.26266576565243
2077,-395.88535180874453
2703,-160.59226132675602
2121,-591.7700466434853
1865,-677.3856491667912
2210,-339.3566820389367
2496,-193.79459667576256
1693,-302.3793382662865
2028,-95.58659741162273
2425,-58.82870964206077
1536,-375.49248126966495
1685,-818.52628737594
2227,-534.8787859328247
2252,-390.4102365926284
3249,-56.972862524978254
3115,91.96446970536911
1795,-448.02817754339935
2808,-128.09949450994725
3141,-62.27912921195379
1471,-600.1226558094454
2455,-512.7404284919531
2895,-357.4656283840535
3348,-122.63577766551938
2034,-250.8316298265763
2162,-473.6399420331827
3267,131.24665088988127
3126,-211.46921985091774
795,-654.1024878105145
3744,-73.73218394127922
3429,139.8904182434897
3204,-7.555279980514435
3944,105.13613087859132
4189,-12.565191611486526
1683,-466.71938903127557
4036,-440.00189037579617
4191,-83.00854975963543
4073,13.770617742143067
4400,-70.8953006100853
3872,-197.3751929368799
4058,-58.84772303409886
4595,134.39227766311205
5312,19.49801358415073
3351,-147.57462006519958
4401,-34.372694852754805
4451,-82.46075311471232
2633,-477.01956839251056
4433,-13.427563344075779
4608,-55.64757378717874
4714,162.35940957926906
4333,184.43853855468777
4362,109.2739217554618
4803,303.1903625217403
4182,150.09837448798797
4864,-84.72870826891597
4105,-246.91491012494188
3409,-241.45479074874422
4553,-128.2713124649699
3958,27.178598124412876
4123,-257.58407665588186
3855,-216.081901442751
4575,-81.77891768993321
4917,35.48066464321554
5805,266.1183993011048
4660,90.53067702214017
4274,-42.67613954773144
4492,123.68124517607343
4978,247.76400109665374
4677,296.0862963927493
4679,221.64515140837446
4758,101.34843345770972
4788,39.5508171358155
4098,417.3471355605035
3982,579.0236825244085
3974,380.75631837478863
4968,608.7245538300856
5312,432.2894082096477
5342,512.4217467936551
4906,287.13305607731195
4548,427.00200223496233
4833,396.5739249025645
4401,559.342025149519
3915,660.6246998293551
4586,537.1592745682426
4966,406.73945808281485
4460,227.60726026085067
5020,228.66394823010558
4891,206.65519973902232
5180,420.71971326132973
3767,123.22459235529875
4844,192.57514131400077
5119,383.8011817508278
4744,411.05103131924375
4010,134.76186879484726
4835,170.39996432316778
4507,338.06121481282105
4790,244.5827751730982
4991,410.6652944145569
5202,476.60483107699747
5305,563.9257402326797
4708,384.0804202457862
4648,478.4342668148588
5225,451.4720740276698
5515,567.8670437497317
5362,763.4441993479578
5119,719.8380179106211
4649,254.66998211956025
6043,514.1272690798723
4665,553.1813219845284
4629,298.761526534072
4592,446.6733197846778
4040,162.30319394108042
5336,453.09321906434207
4881,491.5957419177306
4086,324.37201203012035
4258,577.906264210869
4342,479.7707819980312
5084,414.953759486629
5538,327.933187145381
5923,343.2651312248347
5302,330.0101083063463
4458,365.30815457603137
4541,533.1147444541166
4332,475.0413427090439
3784,433.813476737996
3387,740.4369212693767
3285,835.8484416360129
3606,691.1676824031222
3840,402.03685653975845
4590,558.1573627883896
4656,743.9486074926211
4390,551.9328094357214
3846,711.9237725679174
4475,744.5660825481442
4302,733.2607486202415
4266,606.4798661460089
4845,632.1911300424384
3574,438.0145425946515
4576,204.01432903102992
4866,369.6596119268057
4294,178.00757447240736
3785,262.575223793552
4326,500.6983062315237
4602,598.2536076630887
4780,686.0102102209883
4792,644.4055594122744
4905,689.6530368669446
4150,173.30970838741806
3820,39.38916671516543
4338,161.82432767734616
4725,343.2018024097084
4694,508.6449785040669
3805,279.9142687633512
4153,274.6485277184248
5191,400.51364530934063
3873,123.71617289490054
4758,396.79021648416017
5895,492.7328918443411
5130,240.76271837552204
3542,123.09237776120051
4661,332.8584622834145
1115,-190.35116240891315
4334,281.9336617975522
4634,353.73338902097237
5204,411.88756736074833
5058,441.32595609004215
5115,319.87201392241604
4727,198.66244922420495
4484,199.5713985571629
4940,213.1293317662643
3351,79.47390419601385
2710,-456.1338017931944
1996,-59.8567344825218
1842,-147.80024972479353
3544,35.57583768932606
5345,182.12029406254626
5046,264.35885869296476
4713,308.15290834388736
4763,228.08942069646665
4785,252.90198824642837
3659,-72.52168159973927
4760,8.016421286888917
4511,-131.71278432343692
4274,-61.341504484274736
4539,53.595788187235094
3641,-119.85852772789607
4352,-30.562449286550375
4795,-13.78274418772127
2395,-57.40018662669992
5423,63.352715818914234
5010,167.8520145998019
4630,113.17489770438
4120,39.12142420053725
3907,38.00388278128058
4839,147.01412744739906
5202,67.5258942208927
2429,-451.68148315831627
2918,-501.5002241248666
3570,-233.50841785114758
4456,-151.76561687273016
4826,54.7265829222028
4765,61.66068870607653
4985,167.39243594371936
5409,136.66216091086034
5511,115.61154098455195
5117,187.55818862727776
4563,-35.453357438859854
2416,-343.73050778787126
2913,-93.42452704990302
3644,-63.4980596846988
5217,80.06414239888574
5041,52.273198150368735
4570,127.16984258029446
4748,68.48391057391798
2424,-327.6783727828307
4195,-365.93731060693153
4304,-118.49913911780351
4308,-22.315979046198265
4381,-163.13165144842327
4187,-147.19844493348992
4687,-23.31580414292278
3894,-91.15982324012163
2659,-286.67817177402003
3747,-319.8001238726764
627,-975.0858894347953
3331,-315.28809917435126
3669,-275.4471013343639
4068,-182.6923090446049
4186,-194.99732707572966
3974,-191.4465511497043
4046,-288.28205596467956
3926,-198.5680189678969
3649,-280.7536850897534
4035,-177.18490407331268
4205,-125.27257958639413
4109,-173.48705164891018
2933,-440.9537853033362
3368,-287.749751667296
4067,-213.05354669861785
3717,-45.8073496506905
4486,-63.30578864338423
4195,-40.960733011182086
1817,-384.108648896888
3053,-390.98614577519083
3392,-141.11423414710205
3663,-220.95162136513883
3520,-140.8322681486661
2765,-380.1037576400404
1607,-469.9349931213185
2566,-460.26354373061315
1495,-123.76253289319004
2792,-134.83333216161745
3068,-137.37739882682976
3071,-191.91706739994842
3867,-74.16268741929406
2914,-409.98606375385634
3613,-417.2889657526413
3727,-270.7684107689745
3940,-226.61726135548273
3614,-233.07982513683444
3485,-348.7687506345701
3811,-280.62740192829517
2594,-521.1310665115591
705,-684.1954561519601
3322,-444.773622342228
3620,-325.330338622599
3190,-336.38244922732395
2743,-197.87364600075367
3310,-368.04895916972555
3523,-295.8530828908787
3740,-215.03792601279193
3709,-262.2315853428413
3577,-184.8716401264368
2739,-443.00379749762567
2431,-411.742455314886
3403,-404.0174877890279
3750,-13.794686691920234
2660,-460.8504953606921
3068,-125.73388303540426
2209,-429.4970766030773
1011,-283.7147975693889
754,-448.63103110127633
1317,-277.6367926716572
1162,-494.8706586379177
2302,-381.83502620421143
2423,-324.9001867912747
2999,-300.90825401219547
2485,-212.2001824817659
2294,-323.46451204892844
1951,-325.99958090388645
2236,-659.7289670713682
2368,-471.3242856375498
3272,-235.61895890928005
4098,-181.6972186489218
4521,-72.26570994424495
3425,-121.06790323778935
2376,-476.92297286724784
3598,-373.854750860792
2177,-595.0355122257263
4097,-412.7098584106682
3214,-526.3584083306605
2493,-389.8407455992899
2311,-456.1540314552187
2298,-509.03617288472617
2935,-551.237885122204
3376,-449.9271128027482
3292,-460.6089415909197
3163,-335.5345906066607
1301,-878.581822365771
1977,-829.9985001370524
2432,-742.8676502401713
4339,-445.7171520334764
4270,-362.38949873038973
4075,-307.4127761859651
3456,-476.7687924838266
4023,-273.2103261763034
3243,-108.24715502004838
3624,-202.03172917676545
4509,-60.95604407943134
4579,74.4856313445911
3761,-240.57292780299278
4151,-214.3318542673056
2832,-521.5872531154257
2947,-486.62115539226556
3784,-348.4507920363113
4375,-65.53717212901047
2802,-486.0706477936609
3830,-363.1987034541197
3831,-210.05349088770058
2169,-775.312217277424
1529,-784.847122077432
3422,-233.50584271008913
3922,-137.43328212760647
4169,-161.1662243589677
3005,-355.91553829112286
4154,-319.41596416685434
4318,-179.96648748109803
2689,-365.12094149483005
3129,-325.02000703144324
3777,-374.4150196868162
4773,-186.48169051916008
5062,-8.08507801807842
3487,-365.020686082578
2732,-424.74968817243575
3389,-180.33734565024574
4322,-195.74108264063221
4363,-1.912713681493038
4990,-64.69358287232029
3194,-246.50933039332077
4066,-117.19252522285072
3423,-254.82916863755784
3333,-382.2719552377646
3956,-260.8502062030029
4916,-251.86623307389803
5382,-215.7914257246626
4569,-210.17167995749597
4118,-118.91848857129438
4911,-127.26176857012152
5298,69.29122102168628
5847,62.87867009977875
6312,362.5440817220441
6192,207.1624300149993
4378,-267.344226971363
7836,-24.165986010099942
5892,-184.8445842570832
6153,-3.621752515577107
6093,-10.936933812428983
6230,-32.45698151914668
6871,-37.11475254178043
8362,205.53325319017935
3372,-293.79869549336865
4996,-444.9556739728614
5558,-182.96300671828385
5102,72.97779629482497
5698,8.071827204741645
6133,38.07528878338536
5459,-112.64762310473841
6235,-343.0750063261529
6041,-170.7079712341082
5936,-139.28269686727967
6772,322.08803168766974
6436,268.25101226342076
6457,134.24348061982369
6460,-31.992259223056394
6857,203.40208692267822
5169,345.1405911969357
5585,114.22084274365925
5918,46.30554929512994
4862,-230.9263095799192
5409,-132.01344841838105
6398,193.1666943623244
7460,132.84482715127922
7132,282.36581891453784
6370,243.70953099949114
6691,358.18315982551314
4367,27.22952308511517
6565,177.4952041723328
7290,25.21262242617673
6624,-58.944813285041036
1027,-648.0790892949533
3214,-633.7633537677428
5633,-35.986117183405995
6196,279.8206840780193
5026,-135.041565150446
6233,-23.076200983206142
4220,11.452272491406134
6304,65.14182086044445
5572,22.212200813288565
5740,213.31481657556438
6169,-7.19390439618595
6421,21.950630449022945
6296,146.28902062051546
6883,121.47591889519565
6359,35.49657924666785
6273,-27.88060047162564
5728,-57.54788859647233
4717,-32.119073484893946
6572,-62.72522594639963
7030,308.03784101429085
7429,375.1141000713884
6118,217.14571269165677
2843,-82.9319701154008
5115,67.18414451837889
7424,257.9426111692053
7384,243.3119904341297
7639,308.658155495295
8294,518.9899369600978
7129,246.3377920475763
4359,-89.37519218734104
6073,144.44897933600117
5260,167.57006773286665
6770,204.01823820753384
6734,257.3288323902741
6536,219.40249259140322
6591,232.16717381017193
6043,318.2651880594568
5743,202.00577513364047
6855,308.2460310091785
7338,476.03927559871
4127,67.1235500167878
8120,243.6101374667397
7641,343.4279659119502
6998,210.50650636634748
7001,60.5586854577525
7055,262.9903133187346
7494,296.26017061992536
7736,471.057535424365
7498,658.1445103886907
6598,582.7316694884342
6664,417.1116634543371
4972,5.865000307463319
7421,131.407114539587
7363,249.97944889031572
7665,312.0717421396414
7702,408.70254803409046
6978,256.0402545431276
5099,-33.200475881212455
6825,322.88883971382234
6211,650.1534123195867
5905,713.8536243201655
5823,572.349164159077
7458,537.6951825853789
6891,665.0517235998645
6779,384.6732875269155
7442,319.41381933665923
7335,554.7092714360803
6879,708.4094664875406
5463,795.0733506280495
5687,546.1799102322616
5531,717.3249649294665
6227,703.533035465047
6660,741.8517412751879
7403,687.9464259719545
6241,776.829860071583
6207,849.6964532100516
4840,839.3769691338476
4672,722.6921758011978
6569,321.2643496790746
6290,396.6486251875866
7264,430.4509422913793
7446,554.6200956400467
7499,717.9041426841464
6969,339.42075117609545
6031,365.07439012211796
6830,484.55305613953317
6786,809.479428321365
5713,652.3591276642761
6591,547.1324589502472
5870,20.56292581738456
4459,-153.2441728923516
7410,265.2741091734098
6966,422.49704260567034
7592,389.3171312378596
8173,636.7457984038834
6861,406.9460096022717
6904,591.6946726121341
6685,517.14097539994
6597,424.2276950184514
7105,412.396027142064
7216,325.51255230611287
7580,398.73548574730876
7261,498.52727245357164
7175,426.96671394817497
6824,457.2460216168131
5464,323.40898224885007
7013,501.2589444602652
7273,431.47233567920057
7534,500.4196885465027
7286,514.3203649267136
5786,222.32788679882415
6299,202.32254019357848
6544,559.6310187455716
6883,561.7838717678054
6784,368.279495721014
7347,407.9278938722606
7605,582.600191196795
7148,414.0208898846456
7865,364.88551368172557
4549,279.4259881890365
6530,197.67510324789674
7006,369.1656318270128
7375,401.66738543378835
7765,481.8247589217259
7582,532.1610772332476
6053,119.66529905807002
5255,-29.207867351865588
6917,328.15125029164426
7040,419.06304677024605
7697,520.9880773349906
7713,563.2295224338467
7350,551.2379301159214
6140,548.0653545294686
5810,305.63644898666473
6034,238.18747599216857
6864,205.50456477948742
7112,304.3386632247683
6203,210.3326131669077
7504,271.7890497842902
5976,-26.683010335496263
8227,246.94184639009032
7525,204.96219782870202
7767,395.1605849201153
7870,316.7317860224998
7804,337.0252221595175
8009,306.92946612716946
8714,268.2292094542686
7333,343.0042854967902
6869,74.1225444765617
4073,-275.9149995863752
7591,169.24815744057858
7720,192.83545092871395
8167,183.3295843859028
8395,130.3924663685241
7907,200.26653757516428
7436,250.64894911085207
7538,104.94721359051809
7733,178.45688951255917
7393,279.30823337263496
7415,185.77838761961172
8555,133.9340513793371
6889,178.4622194985977
6778,146.1614935866004
4639,-15.391344791110058
7572,260.55760707533074
7328,275.18020219978433
8156,324.96353696183144
7965,-39.74343653194266
3510,-178.75240778528308
5478,-305.56913699409995
6392,-246.5173503461656
7691,30.911343967208445
7570,87.91435841618083
7282,-64.05686436731132
7109,23.052655353568813
6639,-87.30701898008378
5875,-115.81211691679542
7534,38.40438783247641
7461,-32.388844409704504
7509,-131.9545276278214
5424,-23.0562080890168
8090,135.32559209119432
6824,105.48493565564486
7058,192.93173443571683
7466,195.2593111979441
7693,308.31265141965264
7359,-17.08306709077346
7444,-42.41148534215816
7852,-107.36278552735399
4459,-388.18385684522593
22,-631.4967605221433
1096,-581.8957559096269
5566,-268.3280104522062
5986,-145.58918730713694
5847,-236.8864223221377
5138,-231.3947636757501
5107,-190.56195648629304
5259,-232.21861610969844
5686,-301.8906385588117
5035,-426.06232482599796
5315,-133.65080675206832
5992,-178.5949290157615
6536,-43.6426327654809
6852,-95.43124086123734
6269,-136.98522671579548
4094,-521.806217234509
5495,-304.00660198900573
5445,-264.1784095173873
5698,-133.0804997435118
5629,-205.15777052716678
4669,-407.1389256549644
5499,-269.15153299987514
5634,-151.2213697258147
5146,-132.05874782347175
2425,-55.58039279779098
3910,-111.23378047669686
2277,-386.9398369166506
2424,-223.93897274385753
5087,-41.27660569240817
3959,-619.9743009182307
5260,-252.64831772885006
5323,-212.4078363049373
5668,-213.04774672697008
5191,-397.17985785907126
4649,-414.09631172374986
6234,-102.04472180416246
6606,-140.2188220033312
5729,-120.05303448799285
5375,-281.44957897315965
5008,-400.15575278395124
5582,-420.68705852444737
3228,-485.73337169384206
5170,-455.93767143322384
5501,-367.2748672089807
5319,-227.1703751154404
5532,-181.98952092489964
5611,-330.72936406270594
5047,-230.36840429519285
3786,-373.59521442288894
4585,-391.6586084878144
5557,-242.60981716636402
5267,-288.8739553933227
4128,-276.28747968629125
3623,-485.0775368117527
1749,-504.5627769893822
1787,-268.0576227169055
920,-538.1916698931362
1013,-488.0575831884389
441,-882.6791091037231
2114,-695.1479582839993
3095,-368.9242384660316
1341,-515.2542092676905
1796,-498.66119765793417
2729,-423.2426310401579
